0.4168 
0.4432 
0.6057 
0.3225 
0.5663 
0.3516 
0.3645 
0.4784 
0.6218 
0.3356 
0.3769 
0.5147 
0.3866 
0.3062 
0.5991 
0.6996 
0.6254 
0.4672 
0.4515 
0.3362 
0.4890 
0.3531 
0.3291 
0.3309 
0.5325 
0.6720 
0.5441 
0.6090 
0.4605 
0.4223 
0.5266 
0.4119 
0.3640 
0.4371 
0.3638 
0.5144 
0.4656 
0.4895 
0.6299 
0.5014 
0.6754 
0.3714 
0.4990 
0.5020 
0.5062 
0.3480 
0.4646 
0.3860 
0.3725 
0.4912 
0.3094 
0.3508 
0.4274 
0.6316 
0.3218 
0.5577 
0.6648 
0.6627 
0.6438 
0.5043 
0.5256 
0.3003 
0.5240 
0.5367 
0.6405 
0.5046 
0.4937 
0.4334 
0.5377 
0.6414 
0.4522 
0.3878 
0.3357 
0.4722 
0.5205 
0.3706 
0.4558 
0.3700 
0.5658 
0.4719 
0.3453 
0.5439 
0.6675 
0.4788 
0.4443 
0.4797 
0.6138 
0.6424 
0.6786 
0.5513 
0.4250 
0.3481 
0.4095 
0.4925 
0.6797 
0.6687 
0.4252 
0.6733 
0.4459 
0.4792 
0.4376 
0.5511 
0.5286 
0.6771 
0.4825 
0.6245 
0.3348 
0.6985 
0.6152 
0.4456 
0.6273 
0.4315 
0.4004 
0.5972 
0.3794 
0.6417 
0.5201 
0.4508 
0.4153 
0.3111 
0.3535 
0.4266 
0.3595 
0.5580 
0.3692 
0.6826 
0.5719 
0.3526 
0.3335 
0.6064 
0.5463 
0.5622 
0.4668 
0.3754 
0.5179 
0.5135 
0.4161 
0.4222 
0.4641 
0.4128 
