-0.000260159608850703
0.00718438237903225
-0.000407503699964197
-4.24986431287594e-06
0.00173856004364794
-0.000540000000000000
-0.000406280892972723
0.00295076710415816
0.00133805670257266
0.000974473411186688
0.00396563722833366
0.00364021159968914
0.000436831576267954
0.00181351362305057
0.00201150871168358
-1.89316628776544e-05
0.00281203340992109
0.00366134391219014
0.000475347615033862
0.00521369069023611
0.00277490093257154
0.00578731035019632
0.00425250845619064
0.000898134232563760
0.00426510124228882
-0.000171673549880597
-0.000320972311079424
0.00261862715655418
7.71703176521481e-05
0.00228356287511899
0.000869141157514080
0.00528239272815002
0.000463182245136777
-0.000511763090939578
0.000539715360125744
0.00149390704209890
0.00212871530817562
0.000973784418858840
0.00155051459132983
-0.000316140231213754